Raportul efectuat a fost corect: true
---Data vanzare: 2022-01-03
Pentru spectacolul 1
Au fost vandute locurile: [38, 55]
In numar de: 2
Insumand 200.0

Data vanzare: 2022-01-03
Pentru spectacolul 2
Au fost vandute locurile: [40, 44, 41, 21, 56]
In numar de: 5
Insumand 1000.0

Data vanzare: 2022-01-03
Pentru spectacolul 3
Au fost vandute locurile: [80, 66, 48, 75, 40]
In numar de: 5
Insumand 750.0

Raportul efectuat a fost corect: true
---Data vanzare: 2022-01-03
Pentru spectacolul 1
Au fost vandute locurile: [38, 55, 39, 37, 32, 33, 12, 26, 80, 88, 45]
In numar de: 11
Insumand 1100.0

Data vanzare: 2022-01-03
Pentru spectacolul 2
Au fost vandute locurile: [40, 44, 41, 21, 56, 44, 41, 21, 56, 75, 37]
In numar de: 7
Insumand 1400.0

Data vanzare: 2022-01-03
Pentru spectacolul 3
Au fost vandute locurile: [80, 66, 48, 75, 40, 75, 40, 19, 96, 73, 72, 10, 92, 95, 28, 51]
In numar de: 14
Insumand 2100.0

Raportul efectuat a fost corect: true
---Data vanzare: 2022-01-03
Pentru spectacolul 1
Au fost vandute locurile: [38, 55, 39, 37, 32, 33, 12, 26, 80, 88, 45, 39, 37, 32, 33, 12, 26, 80, 88, 45, 69]
In numar de: 12
Insumand 1200.0

Data vanzare: 2022-01-03
Pentru spectacolul 2
Au fost vandute locurile: [40, 44, 41, 21, 56, 44, 41, 21, 56, 75, 37, 44, 41, 21, 56, 75, 37]
In numar de: 7
Insumand 1400.0

Data vanzare: 2022-01-03
Pentru spectacolul 3
Au fost vandute locurile: [80, 66, 48, 75, 40, 75, 40, 19, 96, 73, 72, 10, 92, 95, 28, 51, 75, 40, 19, 96, 73, 72, 10, 92, 95, 28, 51, 17]
In numar de: 15
Insumand 2250.0

Raportul efectuat a fost corect: true
---Data vanzare: 2022-01-03
Pentru spectacolul 1
Au fost vandute locurile: [38, 55, 39, 37, 32, 33, 12, 26, 80, 88, 45, 39, 37, 32, 33, 12, 26, 80, 88, 45, 69, 39, 37, 32, 33, 12, 26, 80, 88, 45, 69, 100, 25, 1, 64]
In numar de: 16
Insumand 1600.0

Data vanzare: 2022-01-03
Pentru spectacolul 2
Au fost vandute locurile: [40, 44, 41, 21, 56, 44, 41, 21, 56, 75, 37, 44, 41, 21, 56, 75, 37, 44, 41, 21, 56, 75, 37, 32, 87, 54, 38, 36]
In numar de: 12
Insumand 2400.0

Data vanzare: 2022-01-03
Pentru spectacolul 3
Au fost vandute locurile: [80, 66, 48, 75, 40, 75, 40, 19, 96, 73, 72, 10, 92, 95, 28, 51, 75, 40, 19, 96, 73, 72, 10, 92, 95, 28, 51, 17, 75, 40, 19, 96, 73, 72, 10, 92, 95, 28, 51, 17, 6, 23, 25, 13]
In numar de: 19
Insumand 2850.0

Raportul efectuat a fost corect: true
---Data vanzare: 2022-01-03
Pentru spectacolul 1
Au fost vandute locurile: [38, 55, 39, 37, 32, 33, 12, 26, 80, 88, 45, 39, 37, 32, 33, 12, 26, 80, 88, 45, 69, 39, 37, 32, 33, 12, 26, 80, 88, 45, 69, 100, 25, 1, 64, 39, 37, 32, 33, 12, 26, 80, 88, 45, 69, 100, 25, 1, 64, 87, 40, 31, 46, 27, 58]
In numar de: 22
Insumand 2200.0

Data vanzare: 2022-01-03
Pentru spectacolul 2
Au fost vandute locurile: [40, 44, 41, 21, 56, 44, 41, 21, 56, 75, 37, 44, 41, 21, 56, 75, 37, 44, 41, 21, 56, 75, 37, 32, 87, 54, 38, 36, 44, 41, 21, 56, 75, 37, 32, 87, 54, 38, 36, 18, 33, 27]
In numar de: 15
Insumand 3000.0

Data vanzare: 2022-01-03
Pentru spectacolul 3
Au fost vandute locurile: [80, 66, 48, 75, 40, 75, 40, 19, 96, 73, 72, 10, 92, 95, 28, 51, 75, 40, 19, 96, 73, 72, 10, 92, 95, 28, 51, 17, 75, 40, 19, 96, 73, 72, 10, 92, 95, 28, 51, 17, 6, 23, 25, 13, 75, 40, 19, 96, 73, 72, 10, 92, 95, 28, 51, 17, 6, 23, 25, 13, 94, 46]
In numar de: 21
Insumand 3150.0

Raportul efectuat a fost corect: true
---Data vanzare: 2022-01-03
Pentru spectacolul 1
Au fost vandute locurile: [38, 55, 39, 37, 32, 33, 12, 26, 80, 88, 45, 39, 37, 32, 33, 12, 26, 80, 88, 45, 69, 39, 37, 32, 33, 12, 26, 80, 88, 45, 69, 100, 25, 1, 64, 39, 37, 32, 33, 12, 26, 80, 88, 45, 69, 100, 25, 1, 64, 87, 40, 31, 46, 27, 58, 39, 37, 32, 33, 12, 26, 80, 88, 45, 69, 100, 25, 1, 64, 87, 40, 31, 46, 27, 58]
In numar de: 22
Insumand 2200.0

Data vanzare: 2022-01-03
Pentru spectacolul 2
Au fost vandute locurile: [40, 44, 41, 21, 56, 44, 41, 21, 56, 75, 37, 44, 41, 21, 56, 75, 37, 44, 41, 21, 56, 75, 37, 32, 87, 54, 38, 36, 44, 41, 21, 56, 75, 37, 32, 87, 54, 38, 36, 18, 33, 27, 44, 41, 21, 56, 75, 37, 32, 87, 54, 38, 36, 18, 33, 27, 71, 74, 61, 23, 95, 46, 13, 62, 83, 99, 14, 76, 84, 91, 96]
In numar de: 30
Insumand 6000.0

Data vanzare: 2022-01-03
Pentru spectacolul 3
Au fost vandute locurile: [80, 66, 48, 75, 40, 75, 40, 19, 96, 73, 72, 10, 92, 95, 28, 51, 75, 40, 19, 96, 73, 72, 10, 92, 95, 28, 51, 17, 75, 40, 19, 96, 73, 72, 10, 92, 95, 28, 51, 17, 6, 23, 25, 13, 75, 40, 19, 96, 73, 72, 10, 92, 95, 28, 51, 17, 6, 23, 25, 13, 94, 46, 75, 40, 19, 96, 73, 72, 10, 92, 95, 28, 51, 17, 6, 23, 25, 13, 94, 46, 49, 91, 7, 67, 35, 32, 45, 74, 55]
In numar de: 30
Insumand 4500.0

Raportul efectuat a fost corect: true
---Data vanzare: 2022-01-03
Pentru spectacolul 1
Au fost vandute locurile: [38, 55, 39, 37, 32, 33, 12, 26, 80, 88, 45, 39, 37, 32, 33, 12, 26, 80, 88, 45, 69, 39, 37, 32, 33, 12, 26, 80, 88, 45, 69, 100, 25, 1, 64, 39, 37, 32, 33, 12, 26, 80, 88, 45, 69, 100, 25, 1, 64, 87, 40, 31, 46, 27, 58, 39, 37, 32, 33, 12, 26, 80, 88, 45, 69, 100, 25, 1, 64, 87, 40, 31, 46, 27, 58, 39, 37, 32, 33, 12, 26, 80, 88, 45, 69, 100, 25, 1, 64, 87, 40, 31, 46, 27, 58, 91]
In numar de: 23
Insumand 2300.0

Data vanzare: 2022-01-03
Pentru spectacolul 2
Au fost vandute locurile: [40, 44, 41, 21, 56, 44, 41, 21, 56, 75, 37, 44, 41, 21, 56, 75, 37, 44, 41, 21, 56, 75, 37, 32, 87, 54, 38, 36, 44, 41, 21, 56, 75, 37, 32, 87, 54, 38, 36, 18, 33, 27, 44, 41, 21, 56, 75, 37, 32, 87, 54, 38, 36, 18, 33, 27, 71, 74, 61, 23, 95, 46, 13, 62, 83, 99, 14, 76, 84, 91, 96, 44, 41, 21, 56, 75, 37, 32, 87, 54, 38, 36, 18, 33, 27, 71, 74, 61, 23, 95, 46, 13, 62, 83, 99, 14, 76, 84, 91, 96]
In numar de: 30
Insumand 6000.0

Data vanzare: 2022-01-03
Pentru spectacolul 3
Au fost vandute locurile: [80, 66, 48, 75, 40, 75, 40, 19, 96, 73, 72, 10, 92, 95, 28, 51, 75, 40, 19, 96, 73, 72, 10, 92, 95, 28, 51, 17, 75, 40, 19, 96, 73, 72, 10, 92, 95, 28, 51, 17, 6, 23, 25, 13, 75, 40, 19, 96, 73, 72, 10, 92, 95, 28, 51, 17, 6, 23, 25, 13, 94, 46, 75, 40, 19, 96, 73, 72, 10, 92, 95, 28, 51, 17, 6, 23, 25, 13, 94, 46, 49, 91, 7, 67, 35, 32, 45, 74, 55, 75, 40, 19, 96, 73, 72, 10, 92, 95, 28, 51, 17, 6, 23, 25, 13, 94, 46, 49, 91, 7, 67, 35, 32, 45, 74, 55]
In numar de: 30
Insumand 4500.0

Raportul efectuat a fost corect: true
---Data vanzare: 2022-01-03
Pentru spectacolul 1
Au fost vandute locurile: [38, 55, 39, 37, 32, 33, 12, 26, 80, 88, 45, 39, 37, 32, 33, 12, 26, 80, 88, 45, 69, 39, 37, 32, 33, 12, 26, 80, 88, 45, 69, 100, 25, 1, 64, 39, 37, 32, 33, 12, 26, 80, 88, 45, 69, 100, 25, 1, 64, 87, 40, 31, 46, 27, 58, 39, 37, 32, 33, 12, 26, 80, 88, 45, 69, 100, 25, 1, 64, 87, 40, 31, 46, 27, 58, 39, 37, 32, 33, 12, 26, 80, 88, 45, 69, 100, 25, 1, 64, 87, 40, 31, 46, 27, 58, 91, 39, 37, 32, 33, 12, 26, 80, 88, 45, 69, 100, 25, 1, 64, 87, 40, 31, 46, 27, 58, 91, 51]
In numar de: 24
Insumand 2400.0

Data vanzare: 2022-01-03
Pentru spectacolul 2
Au fost vandute locurile: [40, 44, 41, 21, 56, 44, 41, 21, 56, 75, 37, 44, 41, 21, 56, 75, 37, 44, 41, 21, 56, 75, 37, 32, 87, 54, 38, 36, 44, 41, 21, 56, 75, 37, 32, 87, 54, 38, 36, 18, 33, 27, 44, 41, 21, 56, 75, 37, 32, 87, 54, 38, 36, 18, 33, 27, 71, 74, 61, 23, 95, 46, 13, 62, 83, 99, 14, 76, 84, 91, 96, 44, 41, 21, 56, 75, 37, 32, 87, 54, 38, 36, 18, 33, 27, 71, 74, 61, 23, 95, 46, 13, 62, 83, 99, 14, 76, 84, 91, 96, 44, 41, 21, 56, 75, 37, 32, 87, 54, 38, 36, 18, 33, 27, 71, 74, 61, 23, 95, 46, 13, 62, 83, 99, 14, 76, 84, 91, 96, 55, 59, 3, 100]
In numar de: 34
Insumand 6800.0

Data vanzare: 2022-01-03
Pentru spectacolul 3
Au fost vandute locurile: [80, 66, 48, 75, 40, 75, 40, 19, 96, 73, 72, 10, 92, 95, 28, 51, 75, 40, 19, 96, 73, 72, 10, 92, 95, 28, 51, 17, 75, 40, 19, 96, 73, 72, 10, 92, 95, 28, 51, 17, 6, 23, 25, 13, 75, 40, 19, 96, 73, 72, 10, 92, 95, 28, 51, 17, 6, 23, 25, 13, 94, 46, 75, 40, 19, 96, 73, 72, 10, 92, 95, 28, 51, 17, 6, 23, 25, 13, 94, 46, 49, 91, 7, 67, 35, 32, 45, 74, 55, 75, 40, 19, 96, 73, 72, 10, 92, 95, 28, 51, 17, 6, 23, 25, 13, 94, 46, 49, 91, 7, 67, 35, 32, 45, 74, 55, 75, 40, 19, 96, 73, 72, 10, 92, 95, 28, 51, 17, 6, 23, 25, 13, 94, 46, 49, 91, 7, 67, 35, 32, 45, 74, 55, 86, 62, 79, 34, 97, 47, 29, 99, 98, 22]
In numar de: 40
Insumand 6000.0

Raportul efectuat a fost corect: true
---Data vanzare: 2022-01-03
Pentru spectacolul 1
Au fost vandute locurile: [38, 55, 39, 37, 32, 33, 12, 26, 80, 88, 45, 39, 37, 32, 33, 12, 26, 80, 88, 45, 69, 39, 37, 32, 33, 12, 26, 80, 88, 45, 69, 100, 25, 1, 64, 39, 37, 32, 33, 12, 26, 80, 88, 45, 69, 100, 25, 1, 64, 87, 40, 31, 46, 27, 58, 39, 37, 32, 33, 12, 26, 80, 88, 45, 69, 100, 25, 1, 64, 87, 40, 31, 46, 27, 58, 39, 37, 32, 33, 12, 26, 80, 88, 45, 69, 100, 25, 1, 64, 87, 40, 31, 46, 27, 58, 91, 39, 37, 32, 33, 12, 26, 80, 88, 45, 69, 100, 25, 1, 64, 87, 40, 31, 46, 27, 58, 91, 51, 39, 37, 32, 33, 12, 26, 80, 88, 45, 69, 100, 25, 1, 64, 87, 40, 31, 46, 27, 58, 91, 51, 93, 13, 99, 70]
In numar de: 28
Insumand 2800.0

Data vanzare: 2022-01-03
Pentru spectacolul 2
Au fost vandute locurile: [40, 44, 41, 21, 56, 44, 41, 21, 56, 75, 37, 44, 41, 21, 56, 75, 37, 44, 41, 21, 56, 75, 37, 32, 87, 54, 38, 36, 44, 41, 21, 56, 75, 37, 32, 87, 54, 38, 36, 18, 33, 27, 44, 41, 21, 56, 75, 37, 32, 87, 54, 38, 36, 18, 33, 27, 71, 74, 61, 23, 95, 46, 13, 62, 83, 99, 14, 76, 84, 91, 96, 44, 41, 21, 56, 75, 37, 32, 87, 54, 38, 36, 18, 33, 27, 71, 74, 61, 23, 95, 46, 13, 62, 83, 99, 14, 76, 84, 91, 96, 44, 41, 21, 56, 75, 37, 32, 87, 54, 38, 36, 18, 33, 27, 71, 74, 61, 23, 95, 46, 13, 62, 83, 99, 14, 76, 84, 91, 96, 55, 59, 3, 100, 44, 41, 21, 56, 75, 37, 32, 87, 54, 38, 36, 18, 33, 27, 71, 74, 61, 23, 95, 46, 13, 62, 83, 99, 14, 76, 84, 91, 96, 55, 59, 3, 100]
In numar de: 34
Insumand 6800.0

Data vanzare: 2022-01-03
Pentru spectacolul 3
Au fost vandute locurile: [80, 66, 48, 75, 40, 75, 40, 19, 96, 73, 72, 10, 92, 95, 28, 51, 75, 40, 19, 96, 73, 72, 10, 92, 95, 28, 51, 17, 75, 40, 19, 96, 73, 72, 10, 92, 95, 28, 51, 17, 6, 23, 25, 13, 75, 40, 19, 96, 73, 72, 10, 92, 95, 28, 51, 17, 6, 23, 25, 13, 94, 46, 75, 40, 19, 96, 73, 72, 10, 92, 95, 28, 51, 17, 6, 23, 25, 13, 94, 46, 49, 91, 7, 67, 35, 32, 45, 74, 55, 75, 40, 19, 96, 73, 72, 10, 92, 95, 28, 51, 17, 6, 23, 25, 13, 94, 46, 49, 91, 7, 67, 35, 32, 45, 74, 55, 75, 40, 19, 96, 73, 72, 10, 92, 95, 28, 51, 17, 6, 23, 25, 13, 94, 46, 49, 91, 7, 67, 35, 32, 45, 74, 55, 86, 62, 79, 34, 97, 47, 29, 99, 98, 22, 75, 40, 19, 96, 73, 72, 10, 92, 95, 28, 51, 17, 6, 23, 25, 13, 94, 46, 49, 91, 7, 67, 35, 32, 45, 74, 55, 86, 62, 79, 34, 97, 47, 29, 99, 98, 22, 77]
In numar de: 41
Insumand 6150.0

Raportul efectuat a fost corect: true
---Data vanzare: 2022-01-03
Pentru spectacolul 1
Au fost vandute locurile: [38, 55, 39, 37, 32, 33, 12, 26, 80, 88, 45, 39, 37, 32, 33, 12, 26, 80, 88, 45, 69, 39, 37, 32, 33, 12, 26, 80, 88, 45, 69, 100, 25, 1, 64, 39, 37, 32, 33, 12, 26, 80, 88, 45, 69, 100, 25, 1, 64, 87, 40, 31, 46, 27, 58, 39, 37, 32, 33, 12, 26, 80, 88, 45, 69, 100, 25, 1, 64, 87, 40, 31, 46, 27, 58, 39, 37, 32, 33, 12, 26, 80, 88, 45, 69, 100, 25, 1, 64, 87, 40, 31, 46, 27, 58, 91, 39, 37, 32, 33, 12, 26, 80, 88, 45, 69, 100, 25, 1, 64, 87, 40, 31, 46, 27, 58, 91, 51, 39, 37, 32, 33, 12, 26, 80, 88, 45, 69, 100, 25, 1, 64, 87, 40, 31, 46, 27, 58, 91, 51, 93, 13, 99, 70, 39, 37, 32, 33, 12, 26, 80, 88, 45, 69, 100, 25, 1, 64, 87, 40, 31, 46, 27, 58, 91, 51, 93, 13, 99, 70, 14, 63]
In numar de: 30
Insumand 3000.0

Data vanzare: 2022-01-03
Pentru spectacolul 2
Au fost vandute locurile: [40, 44, 41, 21, 56, 44, 41, 21, 56, 75, 37, 44, 41, 21, 56, 75, 37, 44, 41, 21, 56, 75, 37, 32, 87, 54, 38, 36, 44, 41, 21, 56, 75, 37, 32, 87, 54, 38, 36, 18, 33, 27, 44, 41, 21, 56, 75, 37, 32, 87, 54, 38, 36, 18, 33, 27, 71, 74, 61, 23, 95, 46, 13, 62, 83, 99, 14, 76, 84, 91, 96, 44, 41, 21, 56, 75, 37, 32, 87, 54, 38, 36, 18, 33, 27, 71, 74, 61, 23, 95, 46, 13, 62, 83, 99, 14, 76, 84, 91, 96, 44, 41, 21, 56, 75, 37, 32, 87, 54, 38, 36, 18, 33, 27, 71, 74, 61, 23, 95, 46, 13, 62, 83, 99, 14, 76, 84, 91, 96, 55, 59, 3, 100, 44, 41, 21, 56, 75, 37, 32, 87, 54, 38, 36, 18, 33, 27, 71, 74, 61, 23, 95, 46, 13, 62, 83, 99, 14, 76, 84, 91, 96, 55, 59, 3, 100, 44, 41, 21, 56, 75, 37, 32, 87, 54, 38, 36, 18, 33, 27, 71, 74, 61, 23, 95, 46, 13, 62, 83, 99, 14, 76, 84, 91, 96, 55, 59, 3, 100, 48, 69, 65]
In numar de: 37
Insumand 7400.0

Data vanzare: 2022-01-03
Pentru spectacolul 3
Au fost vandute locurile: [80, 66, 48, 75, 40, 75, 40, 19, 96, 73, 72, 10, 92, 95, 28, 51, 75, 40, 19, 96, 73, 72, 10, 92, 95, 28, 51, 17, 75, 40, 19, 96, 73, 72, 10, 92, 95, 28, 51, 17, 6, 23, 25, 13, 75, 40, 19, 96, 73, 72, 10, 92, 95, 28, 51, 17, 6, 23, 25, 13, 94, 46, 75, 40, 19, 96, 73, 72, 10, 92, 95, 28, 51, 17, 6, 23, 25, 13, 94, 46, 49, 91, 7, 67, 35, 32, 45, 74, 55, 75, 40, 19, 96, 73, 72, 10, 92, 95, 28, 51, 17, 6, 23, 25, 13, 94, 46, 49, 91, 7, 67, 35, 32, 45, 74, 55, 75, 40, 19, 96, 73, 72, 10, 92, 95, 28, 51, 17, 6, 23, 25, 13, 94, 46, 49, 91, 7, 67, 35, 32, 45, 74, 55, 86, 62, 79, 34, 97, 47, 29, 99, 98, 22, 75, 40, 19, 96, 73, 72, 10, 92, 95, 28, 51, 17, 6, 23, 25, 13, 94, 46, 49, 91, 7, 67, 35, 32, 45, 74, 55, 86, 62, 79, 34, 97, 47, 29, 99, 98, 22, 77, 75, 40, 19, 96, 73, 72, 10, 92, 95, 28, 51, 17, 6, 23, 25, 13, 94, 46, 49, 91, 7, 67, 35, 32, 45, 74, 55, 86, 62, 79, 34, 97, 47, 29, 99, 98, 22, 77]
In numar de: 41
Insumand 6150.0

Raportul efectuat a fost corect: true
---Data vanzare: 2022-01-03
Pentru spectacolul 1
Au fost vandute locurile: [38, 55, 39, 37, 32, 33, 12, 26, 80, 88, 45, 39, 37, 32, 33, 12, 26, 80, 88, 45, 69, 39, 37, 32, 33, 12, 26, 80, 88, 45, 69, 100, 25, 1, 64, 39, 37, 32, 33, 12, 26, 80, 88, 45, 69, 100, 25, 1, 64, 87, 40, 31, 46, 27, 58, 39, 37, 32, 33, 12, 26, 80, 88, 45, 69, 100, 25, 1, 64, 87, 40, 31, 46, 27, 58, 39, 37, 32, 33, 12, 26, 80, 88, 45, 69, 100, 25, 1, 64, 87, 40, 31, 46, 27, 58, 91, 39, 37, 32, 33, 12, 26, 80, 88, 45, 69, 100, 25, 1, 64, 87, 40, 31, 46, 27, 58, 91, 51, 39, 37, 32, 33, 12, 26, 80, 88, 45, 69, 100, 25, 1, 64, 87, 40, 31, 46, 27, 58, 91, 51, 93, 13, 99, 70, 39, 37, 32, 33, 12, 26, 80, 88, 45, 69, 100, 25, 1, 64, 87, 40, 31, 46, 27, 58, 91, 51, 93, 13, 99, 70, 14, 63, 39, 37, 32, 33, 12, 26, 80, 88, 45, 69, 100, 25, 1, 64, 87, 40, 31, 46, 27, 58, 91, 51, 93, 13, 99, 70, 14, 63, 85]
In numar de: 31
Insumand 3100.0

Data vanzare: 2022-01-03
Pentru spectacolul 2
Au fost vandute locurile: [40, 44, 41, 21, 56, 44, 41, 21, 56, 75, 37, 44, 41, 21, 56, 75, 37, 44, 41, 21, 56, 75, 37, 32, 87, 54, 38, 36, 44, 41, 21, 56, 75, 37, 32, 87, 54, 38, 36, 18, 33, 27, 44, 41, 21, 56, 75, 37, 32, 87, 54, 38, 36, 18, 33, 27, 71, 74, 61, 23, 95, 46, 13, 62, 83, 99, 14, 76, 84, 91, 96, 44, 41, 21, 56, 75, 37, 32, 87, 54, 38, 36, 18, 33, 27, 71, 74, 61, 23, 95, 46, 13, 62, 83, 99, 14, 76, 84, 91, 96, 44, 41, 21, 56, 75, 37, 32, 87, 54, 38, 36, 18, 33, 27, 71, 74, 61, 23, 95, 46, 13, 62, 83, 99, 14, 76, 84, 91, 96, 55, 59, 3, 100, 44, 41, 21, 56, 75, 37, 32, 87, 54, 38, 36, 18, 33, 27, 71, 74, 61, 23, 95, 46, 13, 62, 83, 99, 14, 76, 84, 91, 96, 55, 59, 3, 100, 44, 41, 21, 56, 75, 37, 32, 87, 54, 38, 36, 18, 33, 27, 71, 74, 61, 23, 95, 46, 13, 62, 83, 99, 14, 76, 84, 91, 96, 55, 59, 3, 100, 48, 69, 65, 44, 41, 21, 56, 75, 37, 32, 87, 54, 38, 36, 18, 33, 27, 71, 74, 61, 23, 95, 46, 13, 62, 83, 99, 14, 76, 84, 91, 96, 55, 59, 3, 100, 48, 69, 65, 30, 92, 89]
In numar de: 40
Insumand 8000.0

Data vanzare: 2022-01-03
Pentru spectacolul 3
Au fost vandute locurile: [80, 66, 48, 75, 40, 75, 40, 19, 96, 73, 72, 10, 92, 95, 28, 51, 75, 40, 19, 96, 73, 72, 10, 92, 95, 28, 51, 17, 75, 40, 19, 96, 73, 72, 10, 92, 95, 28, 51, 17, 6, 23, 25, 13, 75, 40, 19, 96, 73, 72, 10, 92, 95, 28, 51, 17, 6, 23, 25, 13, 94, 46, 75, 40, 19, 96, 73, 72, 10, 92, 95, 28, 51, 17, 6, 23, 25, 13, 94, 46, 49, 91, 7, 67, 35, 32, 45, 74, 55, 75, 40, 19, 96, 73, 72, 10, 92, 95, 28, 51, 17, 6, 23, 25, 13, 94, 46, 49, 91, 7, 67, 35, 32, 45, 74, 55, 75, 40, 19, 96, 73, 72, 10, 92, 95, 28, 51, 17, 6, 23, 25, 13, 94, 46, 49, 91, 7, 67, 35, 32, 45, 74, 55, 86, 62, 79, 34, 97, 47, 29, 99, 98, 22, 75, 40, 19, 96, 73, 72, 10, 92, 95, 28, 51, 17, 6, 23, 25, 13, 94, 46, 49, 91, 7, 67, 35, 32, 45, 74, 55, 86, 62, 79, 34, 97, 47, 29, 99, 98, 22, 77, 75, 40, 19, 96, 73, 72, 10, 92, 95, 28, 51, 17, 6, 23, 25, 13, 94, 46, 49, 91, 7, 67, 35, 32, 45, 74, 55, 86, 62, 79, 34, 97, 47, 29, 99, 98, 22, 77, 75, 40, 19, 96, 73, 72, 10, 92, 95, 28, 51, 17, 6, 23, 25, 13, 94, 46, 49, 91, 7, 67, 35, 32, 45, 74, 55, 86, 62, 79, 34, 97, 47, 29, 99, 98, 22, 77, 8, 18, 36]
In numar de: 44
Insumand 6600.0

Raportul efectuat a fost corect: true
---